0.279846	-25.897436	1.312588
0.319824	-30.846155	1.311460
0.359802	-37.076923	1.310815
0.399780	-44.512821	1.315650

0.479736	-55.153847	1.3135550.519714	-62.794872	1.308560
0.559692	-67.769234	1.313232
0.599670	-74.846153	1.310010
0.639648	-80.205132	1.314521

0.719604	-92.205132	1.3138770.759583	-99.205132	1.311621
0.799561	-104.871796	1.314521


0.919495	-123.487183	1.3114600.959473	-129.256409	1.3129100.999451	-134.871796	1.312749

Testing motor 3...

Duty	Speed	Current

0.039978	0.000000	1.218647


0.159912	-3.230769	1.219292

0.239868	-19.051283	1.218486
0.279846	-25.512821	1.2217090.319824	-30.948719	1.223481
0.359802	-36.025642	1.221870
0.399780	-43.025642	1.226865


0.519714	-61.974361	1.2223540.559692	-68.589745	1.222353
0.599670	-74.076927	1.225415
0.639648	-81.179489	1.222515
0.679626	-86.589745	1.221548
0.719604	-92.743591	1.221226
0.759583	-98.974358	1.223481
0.799561	-104.666672	1.221870

0.879517	-117.641029	1.219614

0.959473	-129.897430	1.222031
0.999451	-136.102570	1.221870

Done!
